0
1
1
1
2
4
4
1
3
0
4
3
2
7
7
5
2
1
2
1
2
8
7
5
4
7
7
1
3
0
8
3
6
1
7
2
10
1
7
7
1
3
5
7
11
11
13
13
13
10
12
1
7
3
4
10
9
7
1
9
8
7
2
0
5
6
6
11
4
5
12
17
14
6
9
12
9
2
11
10
2
11
4
1
5
6
3
8
11
8
12
10
6
11
12
13
6
3
11
9
14
9
7
7
7
14
15
7
12
15
11
10
6
9
8
8
6
17
9
2
14
4
3
24
9
7
5
17
13
3
18
11
14
1
11
13
11
7
9
13
18
7
5
19
4
16
11
9
15
18
16
22
4
17
4
8
11
8
13
16
19
24
9
21
15
16
17
5
18
12
11
9
16
16
17
17
14
16
14
0
7
13
8
15
16
9
16
20
9
13
19
15
14
17
4
25
20
11
22
7
7
22
10
5
21
7
5
18
9
18
8
2
13
10
19
11
17
18
4
20
7
20
7
22
18
19
11
17
9
24
12
11
7
20
24
15
16
19
7
1
17
9
17
26
6
18
7
15
18
20
19
23
10
28
16
22
23
23
9
19
12
17
17
19
16
20
22
22
13
14
5
28
14
7
16
23
24
17
22
20
13
26
15
2
23
6
25
10
24
8
21
23
4
24
18
10
18
12
15
27
10
17
17
13
15
9
9
20
17
16
14
24
19
16
20
25
19
19
16
22
19
11
19
22
18
22
8
6
26
24
5
20
25
25
22
9
26
15
22
17
15
10
25
15
7
20
27
23
19
22
20
28
7
23
16
23
21
30
29
10
10
34
11
26
28
33
24
11
24
21
13
25
22
15
18
3
20
22
13
14
20
21
17
25
29
22
24
26
22
14
4
18
26
22
1
22
23
5
14
31
5
27
4
17
4
5
22
12
26
13
29
27
15
10
21
20
28
16
17
23
23
21
11
23
21
20
10
12
27
11
30
15
32
28
13
31
30
19
15
8
9
20
14
30
33
24
24
18
20
18
12
28
23
29
13
21
30
26
28
24
27
19
25
28
29
15
40
7
28
11
35
24
12
32
11
26
24
33
33
25
14
15
18
26
22
11
26
4
19
9
12
23
20
13
25
23
32
36
18
15
10
29
21
28
20
10
25
23
16
19
26
17
25
31
33
14
5
23
7
12
24
9
23
21
31
15
10
3
22
13
18
16
20
22
18
25
21
29
26
7
26
24
27
24
30
18
18
26
32
29
34
8
13
31
23
20
24
30
19
18
16
8
24
24
42
20
13
14
30
12
25
29
23
11
28
14
30
32
33
11
15
29
13
31
16
26
29
23
5
20
24
17
29
8
28
10
29
14
7
26
28
12
14
24
33
28
30
28
35
21
32
38
36
15
25
23
13
29
36
32
29
5
27
28
29
35
31
9
28
28
34
31
33
17
21
4
25
33
41
25
10
27
28
17
34
20
33
19
6
27
18
40
19
31
28
26
32
31
8
25
27
5
32
34
24
20
33
31
38
28
10
24
38
40
9
26
3
37
31
16
32
17
45
13
21
19
26
14
36
30
22
20
39
14
23
16
31
21
16
17
33
21
35
30
34
43
41
41
28
27
21
17
23
32
38
19
38
28
14
12
28
28
34
24
19
6
31
34
24
20
22
32
39
36
26
29
19
32
30
30
30
13
32
42
30
7
36
34
22
20
37
15
9
30
6
16
33
21
22
39
31
28
28
24
32
12
21
37
33
31
20
7
35
20
27
32
30
22
5
18
20
8
24
44
38
8
8
39
44
9
42
34
40
37
22
21
28
36
26
26
17
28
15
24
7
31
11
29
18
24
33
35
33
4
24
26
27
18
20
29
27
18
28
56
18
11
26
39
29
23
29
28
20
2
16
41
38
37
32
29
27
20
10
28
27
8
34
16
35
21
22
38
22
38
38
28
11
31
36
17
17
13
34
28
19
35
23
34
12
3
28
35
39
31
30
37
40
27
24
24
19
38
10
28
41
16
34
39
35
35
18
23
18
18
35
22
32
11
16
2
33
28
26
29
16
23
37
19
48
36
8
23
33
42
28
36
32
32
38
38
16
32
23
23
34
20
33
32
28
44
45
33
29
32
21
35
36
25
38
42
27
23
20
18
45
41
36
36
42
5
40
3
15
30
41
25
25
45
26
15
45
31
14
33
38
40
45
25
25
24
31
27
20
36
19
36
35
33
12
31
16
39
38
46
24
36
25
40
8
41
15
9
42
32
14
44
26
31
36
43
